188 245
203 76
141 29
264 115
62 147
353 211
279 124
184 268
286 55
74 168
336 24
351 79
322 103
54 79
188 231
360 113
359 247
248 73
103 282
184 293
233 102
15 46
262 4
125 83
87 296
361 266
138 220
22 19
18 211
297 146
108 88
202 178
313 216
155 173
54 230
323 272
1 58
101 290
102 18
66 191
89 217
44 121
355 118
21 234
295 172
389 76
211 87
355 292
388 272
374 287
306 142
74 66
394 30
282 97
226 214
10 238
356 84
358 143
385 4
399 68
220 167
315 51
49 14
360 257
346 47
119 238
271 199
244 100
65 281
57 228
189 278
239 105
69 154
359 94
97 270
198 110
111 22
88 229
135 112
149 25
376 173
235 27
57 130
229 15
3 99
186 278
106 193
265 153
369 38
381 99
315 132
328 110
109 221
377 119
327 142
332 68
292 83
46 96
280 9
326 184
